ST-99-7  State Population Estimates and Demographic Components of Population Change:
         Annual Time Series, April 1, 1990 to July 1, 1999
  
The documentation is located at the end of the data file.
  
Source:  Population Estimates Program, Population Division, U.S. Census Bureau, Washington, DC 20233
Contact: Statistical Information Staff, Population Division, U.S. Census Bureau (301-457-2422)
  
Internet Release Date:  December 29, 1999

       FIPS                                                                                                                                        
Block  State                          -------------------------------------------------Population-------------------------------------------------- 
Number Code  Area Name                   7/1/99    7/1/98    7/1/97    7/1/96    7/1/95    7/1/94    7/1/93    7/1/92    7/1/91    7/1/90    4/1/90
------ ----- ------------------------ --------- --------- --------- --------- --------- --------- --------- --------- --------- --------- ---------
  1    00    United States            272690813 270248003 267783607 265228572 262803276 260327021 257782608 255029699 252153092 249464396 248790925
  1    00    Northeast                 51829962  51685676  51591325  51520274  51443931  51360744  51253425  51078292  50957878  50875639  50828313
  1    00      New England             13495933  13428630  13378075  13328837  13282700  13242751  13215512  13187671  13200917  13220022  13206943
  1    00      Middle Atlantic         38334029  38257046  38213250  38191437  38161231  38117993  38037913  37890621  37756961  37655617  37621370
  1    00    Midwest                   63242284  62950532  62675478  62371519  61991920  61572173  61176124  60711099  60217499  59765440  59669320
  1    00      East North Central      44442146  44257498  44082062  43887955  43629122  43342048  43082892  42766414  42419415  42076640  42009114
  1    00      West North Central      18800138  18693034  18593416  18483564  18362798  18230125  18093232  17944685  17798084  17688800  17660206
  1    00    South                     96468455  95348823  94176777  92947197  91777714  90573372  89329642  88101757  86892174  85731747  85455793
  1    00      South Atlantic          49560021  48926635  48293338  47612747  46974427  46349183  45688915  45062338  44430356  43757262  43571473
  1    00      East South Central      16582841  16469361  16338356  16194955  16049935  15882646  15706642  15519819  15343827  15209144  15179959
  1    00      West South Central      30325593  29952827  29545083  29139495  28753352  28341543  27934085  27519600  27117991  26765341  26704361
  1    00    West                      61150112  60262972  59340027  58389582  57589711  56820732  56023417  55138551  54085541  53091570  52837499
  1    00      Mountain                17127479  16804614  16476792  16114351  15741906  15306988  14835514  14412687  14038554  13716309  13658794
  1    00      Pacific                 44022633  43458358  42863235  42275231  41847805  41513744  41187903  40725864  40046987  39375261  39178705
  1    01    Alabama                    4369862   4351037   4320281   4290403   4262731   4232965   4193114   4139269   4091025   4048508   4040389
  1    02    Alaska                      619500    615205    608846    604918    601345    600624    596993    587073    569273    553120    550043
  1    04    Arizona                    4778332   4667277   4552207   4432308   4306908   4147561   3993390   3867333   3762394   3679056   3665339
  1    05    Arkansas                   2551373   2538202   2524007   2504858   2480121   2450605   2423743   2394098   2370666   2354343   2350624
  1    06    California                33145121  32682794  32217708  31780829  31493525  31317179  31147208  30875920  30414114  29950111  29811427
  1    08    Colorado                   4056133   3968967   3891293   3812716   3738061   3653910   3560884   3459995   3367567   3303862   3294473
  1    09    Connecticut                3282031   3272563   3268514   3267030   3265293   3268346   3272325   3274997   3288640   3289056   3287116
  1    10    Delaware                    753538    744066    735024    727090    718265    708416    699475    690158    680495    669063    666168
  1    11    District of Columbia        519000    521426    528752    538273    551273    564982    576358    584183    593239    603814    606900
  1    12    Florida                   15111244  14908230  14683350  14426911  14185403  13961798  13713593  13504775  13289497  13018365  12938071
  1    13    Georgia                    7788240   7636522   7486094   7332225   7188538   7045900   6894092   6759474   6621279   6506531   6478149
  1    15    Hawaii                     1185497   1190472   1189322   1184434   1180490   1173903   1161508   1149926   1131412   1112703   1108229
  1    16    Idaho                      1251700   1230923   1210638   1187706   1165000   1135459   1101204   1066490   1038915   1011882   1006734
  1    17    Illinois                  12128370  12069774  12011509  11953003  11884935  11804986  11725984  11635197  11535973  11446979  11430602
  1    18    Indiana                    5942901   5907617   5872370   5834908   5791819   5745626   5701965   5648649   5602062   5555097   5544156
  1    19    Iowa                       2869413   2861025   2854396   2848473   2840860   2829422   2820525   2806923   2791227   2779769   2776831
  1    20    Kansas                     2654052   2638667   2616339   2598266   2586942   2569118   2547605   2526042   2495209   2480683   2477588
  1    21    Kentucky                   3960825   3934310   3907816   3881051   3855248   3823215   3792288   3756358   3714686   3692584   3686892
  1    22    Louisiana                  4372035   4362758   4351390   4338763   4327978   4306500   4284749   4270849   4240950   4219179   4221826
  1    23    Maine                      1253040   1247554   1245215   1241436   1237438   1237687   1238256   1235748   1235439   1231296   1227928
  1    24    Maryland                   5171634   5130072   5092914   5057142   5023650   4985411   4942504   4902545   4856176   4797431   4780753
  1    25    Massachusetts              6175169   6144407   6115476   6085393   6062335   6031352   6010884   5993474   5998652   6018664   6016425
  1    26    Michigan                   9863775   9820231   9785450   9739184   9659871   9584481   9529240   9470323   9395022   9310462   9295287
  1    27    Minnesota                  4775508   4726411   4687726   4647723   4605445   4566028   4521709   4471503   4427429   4387283   4375665
  1    28    Mississippi                2768619   2751335   2731826   2709925   2690788   2663450   2635574   2610193   2591230   2577426   2575475
  1    29    Missouri                   5468338   5437562   5407113   5367888   5324610   5281206   5237757   5193686   5157770   5126370   5116901
  1    30    Montana                     882779    879533    878706    876656    868522    854923    839876    822436    807837    799824    799065
  1    31    Nebraska                   1666028   1660772   1656042   1647657   1635142   1621551   1612149   1602406   1590805   1580664   1578417
  1    32    Nevada                     1809253   1743772   1675581   1596476   1525777   1456388   1380197   1330694   1285046   1218629   1201675
  1    33    New Hampshire              1201134   1185823   1173239   1160768   1145604   1133054   1122191   1112766   1107055   1111831   1109252
  1    34    New Jersey                 8143412   8095542   8054178   8009624   7965523   7918796   7874891   7827770   7784269   7757158   7747750
  1    35    New Mexico                 1739844   1733535   1722939   1706151   1682417   1653329   1614937   1580750   1547115   1519933   1515069
  1    36    New York                  18196601  18159175  18143184  18143805  18150928  18156652  18140894  18082032  18029532  18002855  17990778
  1    37    North Carolina             7650789   7545828   7428672   7307658   7185403   7060959   6947412   6831850   6748135   6656987   6632448
  1    38    North Dakota                633666    637808    640945    642858    641548    639762    637229    635427    634199    637364    638800
  1    39    Ohio                      11256654  11237752  11212498  11187032  11155493  11111451  11070385  11007609  10933683  10861837  10847115
  1    40    Oklahoma                   3358044   3339478   3314259   3289634   3265547   3246119   3228829   3204174   3166471   3147105   3145576
  1    41    Oregon                     3316154   3282055   3243254   3195087   3141421   3087142   3034490   2973934   2918745   2858547   2842337
  1    42    Pennsylvania              11994016  12002329  12015888  12038008  12044780  12042545  12022128  11980819  11943160  11895604  11882842
  1    44    Rhode Island                990819    987704    986966    987858    989203    993412    997852   1000571   1003990   1004649   1003464
  1    45    South Carolina             3885736   3839578   3790066   3738974   3699943   3666456   3634507   3600576   3559470   3499064   3486310
  1    46    South Dakota                733133    730789    730855    730699    728251    723038    716258    708698    701445    696667    696004
  1    47    Tennessee                  5483535   5432679   5378433   5313576   5241168   5163016   5085666   5013999   4946886   4890626   4877203
  1    48    Texas                     20044141  19712389  19355427  19006240  18679706  18338319  17996764  17650479  17339904  17044714  16986335
  1    49    Utah                       2129836   2100562   2065397   2022253   1976774   1930436   1875993   1821498   1771941   1729722   1722850
  1    50    Vermont                     593740    590579    588665    586352    582827    578900    574004    570115    567141    564526    562758
  1    51    Virginia                   6872912   6789225   6732878   6665491   6601392   6536771   6464795   6383315   6283853   6213526   6189197
  1    53    Washington                 5756361   5687832   5604105   5509963   5431024   5334896   5247704   5139011   5013443   4900780   4866669
  1    54    West Virginia              1806928   1811688   1815588   1818983   1820560   1818490   1816179   1805462   1798212   1792481   1793477
  1    55    Wisconsin                  5250446   5222124   5200235   5173828   5137004   5095504   5055318   5004636   4952675   4902265   4891954
  1    56    Wyoming                     479602    480045    480031    480085    478447    474982    469033    463491    457739    453401    453589
 
                                                                                                                                                           
 
  

                                      ------------------------------------------------Period Births------------------------------------------------
       FIPS                                4/90      7/98      7/97      7/96      7/95      7/94      7/93      7/92      7/91      7/90      4/90
Block  State                                 to        to        to        to        to        to        to        to        to        to        to
Number Code  Area Name                     7/99      7/99      7/98      7/97      7/96      7/95      7/94      7/93      7/92      7/91      6/90
------ ----- ------------------------ --------- --------- --------- --------- --------- --------- --------- --------- --------- --------- ---------
  2    00    United States             36820132   3938472   3905544   3892431   3881967   3926652   3971136   4027125   4105689   4133265   1037851
  2    00    Northeast                  6731615    685738    680321    691565    704322    723296    735304    753693    769562    785450    202364
  2    00      New England              1674747    172903    170532    171790    173425    177236    181124    186214    191405    197722     52396
  2    00      Middle Atlantic          5056868    512835    509789    519775    530897    546060    554180    567479    578157    587728    149968
  2    00    Midwest                    8286989    880492    870641    874428    870888    884419    890499    910786    926454    938637    239745
  2    00      East North Central       5894879    622115    615072    619190    618794    630920    635162    650706    660813    671065    171042
  2    00      West North Central       2392110    258377    255569    255238    252094    253499    255337    260080    265641    267572     68703
  2    00    South                     12807155   1421264   1409185   1380821   1353119   1360149   1366944   1377735   1394366   1401123    342449
  2    00      South Atlantic           6243822    688451    679509    668185    655128    661396    667454    673997    684119    694907    170676
  2    00      East South Central       2140984    236856    234824    228978    225999    229312    228305    231277    233302    235089     57042
  2    00      West South Central       4422349    495957    494852    483658    471992    469441    471185    472461    476945    471127    114731
  2    00    West                       8994373    950978    945397    945617    953638    958788    978389    984911   1015307   1008055    253293
  2    00      Mountain                 2366315    276166    270663    265018    259264    250968    247937    244832    246453    243389     61625
  2    00      Pacific                  6628058    674812    674734    680599    694374    707820    730452    740079    768854    764666    191668
  2    01    Alabama                     568961     62047     61810     60626     59838     60571     61071     62130     62443     63232     15193
  2    02    Alaska                       98976      9913      9821      9994     10066     10365     10918     11333     11749     11790      3027
  2    04    Arizona                     670677     78120     77737     76022     74589     71150     69997     68652     69111     68676     16623
  2    05    Arkansas                    330123     36882     36785     36561     35879     34944     34348     34653     35425     35918      8728
  2    06    California                 5227258    522160    523712    531990    545292    558891    580029    588764    613922    610644    151854
  2    08    Colorado                    513908     59709     57861     56595     55189     54009     53941     54247     54689     53705     13963
  2    09    Connecticut                 423922     43499     42961     43906     44622     45029     46194     47063     48307     49566     12775
  2    10    Delaware                     97768     10591     10335     10196     10195     10346     10416     10683     10899     11276      2831
  2    11    District of Columbia         87167      7668      7577      8202      8577      9259     10305     10097     11020     11722      2740
  2    12    Florida                    1781648    195784    194970    192231    187843    188845    192564    191930    192708    197279     47494
  2    13    Georgia                    1053424    122385    120598    116310    111889    111782    110512    110787    110697    111157     27307
  2    15    Hawaii                      173388     17548     17245     17527     18264     18723     19783     19457     19933     20040      4868
  2    16    Idaho                       166298     19414     18963     18686     18465     17535     17541     17536     16930     16839      4389
  2    17    Illinois                   1735493    182732    180835    182809    183460    188297    188894    191861    192966    194604     49035
  2    18    Indiana                     779368     85266     84426     83596     83037     82975     83068     84377     85138     86052     21433
  2    19    Iowa                        349191     37371     37080     37177     36711     36979     37353     38428     39044     39073      9975
  2    20    Kansas                      348226     38463     37996     37030     36536     37514     36928     37741     38129     38153      9736
  2    21    Kentucky                    494758     54438     54093     53159     52424     53311     52701     53304     53756     54247     13325
  2    22    Louisiana                   629286     66740     67058     65513     64522     66981     68280     69752     71858     71581     17001
  2    23    Maine                       137791     13793     13592     13800     13877     14142     14760     15600     16528     17070      4629
  2    24    Maryland                    687293     71782     70459     70809     71113     73334     74203     75940     79201     80281     20171
  2    25    Massachusetts               778803     81719     80656     80273     80631     82893     83884     85982     87937     90701     24127
  2    26    Michigan                   1287572    133852    132212    133904    133113    136404    137840    142343    147022    151340     39542
  2    27    Minnesota                   603264     65332     64114     64819     63414     63798     64632     65241     66906     67126     17882
  2    28    Mississippi                 389349     42885     42651     41153     40629     41864     41592     42720     42868     42838     10149
  2    29    Missouri                    697038     75376     74737     73917     73349     73066     74082     76000     77735     79066     19710
  2    30    Montana                     103358     10814     10640     10921     11088     10979     11288     11306     11714     11497      3111
  2    31    Nebraska                    217510     23592     23477     23425     23257     23206     23058     23147     23971     24159      6218
  2    32    Nevada                      227622     28727     27983     26465     25699     24571     23165     21782     22190     21804      5236
  2    33    New Hampshire               142027     14660     14429     14494     14640     14991     15201     15778     16120     16977      4737
  2    34    New Jersey                 1079022    111487    111379    114028    114076    116866    116728    119360    121194    122607     31297
  2    35    New Mexico                  254934     27855     27392     27100     27203     27185     27680     27906     28059     27649      6905
  2    36    New York                   2539280    255508    254135    260136    267168    274961    279618    285662    291409    295258     75425
  2    37    North Carolina              967386    111720    109766    105343    102467    101658    101244    102132    103441    103910     25705
  2    38    North Dakota                 78833      7943      8096      8341      8416      8518      8654      8666      8736      9097      2366
  2    39    Ohio                       1454713    152744    151324    152493    152026    155284    156198    161631    164166    166737     42110
  2    40    Oklahoma                    437373     49424     49139     47262     45247     45435     46007     46920     48552     47652     11735
  2    41    Oregon                      399411     45354     44341     43821     43465     42550     41608     41619     42605     42811     11237
  2    42    Pennsylvania               1438566    145840    144275    145611    149653    154233    157834    162457    165554    169863     43246
  2    44    Rhode Island                125103     12628     12389     12554     12892     13011     13735     14271     14601     15104      3918
  2    45    South Carolina              498067     53894     53322     51704     50865     51357     52685     55035     56660     58558     13987
  2    46    South Dakota                 98048     10300     10069     10529     10411     10418     10630     10857     11120     10898      2816
  2    47    Tennessee                   687916     77486     76270     74040     73108     73566     72941     73123     74235     74772     18375
  2    48    Texas                      3025567    342911    341870    334322    326344    322081    322550    321136    321110    315976     77267
  2    49    Utah                        369419     45261     43965     42785     40700     39189     37785     36852     36926     36392      9564
  2    50    Vermont                      67101      6604      6505      6763      6763      7170      7350      7520      7912      8304      2210
  2    51    Virginia                    872681     94189     92188     92504     91190     93391     93955     95345     97022     98038     24859
  2    53    Washington                  729025     79837     79615     77267     77287     77291     78114     78906     80645     79381     20682
  2    54    West Virginia               198388     20438     20294     20886     20989     21424     21570     22048     22471     22686      5582
  2    55    Wisconsin                   637733     67521     66275     66388     67158     67960     69162     70494     71521     72332     18922
  2    56    Wyoming                      60099      6266      6122      6444      6331      6350      6540      6551      6834      6827      1834
 
                                                                                                                                                           
 
  

                                      ------------------------------------------------Period Deaths------------------------------------------------
       FIPS                                          7/98      7/97      7/96      7/95      7/94      7/93      7/92      7/91      7/90      4/90
Block  State                            4/1/90-        to        to        to        to        to        to        to        to        to        to
Number Code  Area Name                   7/1/99      7/99      7/98      7/97      7/96      7/95      7/94      7/93      7/92      7/91      6/90
------ -----                          --------- --------- --------- --------- --------- --------- --------- --------- --------- --------- ---------
  3    00    United States             20934303   2344573   2319799   2321933   2317918   2284363   2282854   2226027   2180115   2138906    517815
  3    00    Northeast                  4451303    475391    473669    489322    485879    491506    487598    485706    476754    470793    114685
  3    00      New England              1100990    122292    120638    122148    119938    120434    119232    118467    115993    113968     27880
  3    00      Middle Atlantic          3350313    353099    353031    367174    365941    371072    368366    367239    360761    356825     86805
  3    00    Midwest                    5146743    573030    564592    566020    566993    560204    566168    547667    541172    532531    128366
  3    00      East North Central       3587374    398409    392876    393613    394630    390797    395291    381319    377682    372503     90254
  3    00      West North Central       1559369    174621    171716    172407    172363    169407    170877    166348    163490    160028     38112
  3    00    South                      7535500    860469    852525    841088    840435    819643    817663    793375    773738    753331    183233
  3    00      South Atlantic           3938589    451824    446306    440815    439764    431297    424061    414941    402685    392205     94691
  3    00      East South Central       1437999    163268    161761    159781    159809    155228    157559    151082    148589    145327     35595
  3    00      West South Central       2158912    245377    244458    240492    240862    233118    236043    227352    222464    215799     52947
  3    00    West                       3800757    435683    429013    425503    424611    413010    411425    399279    388451    382251     91531
  3    00      Mountain                 1043578    127102    123567    120563    118606    113779    110665    106799    101153     98248     23096
  3    00      Pacific                  2757179    308581    305446    304940    306005    299231    300760    292480    287298    284003     68435
  3    01    Alabama                     387158     43831     43355     42850     43230     41559     42157     40628     40313     39569      9666
  3    02    Alaska                       22291      2614      2604      2479      2609      2448      2384      2385      2125      2162       481
  3    04    Arizona                     317200     38971     37750     37045     36955     34360     33800     32681     29837     28987      6814
  3    05    Arkansas                    244180     27454     27408     27346     27075     26139     26721     25915     25269     24651      6202
  3    06    California                 2039044    225723    224071    222870    225650    221067    223794    216219    215497    212920     51233
  3    08    Colorado                    225699     26853     26219     25943     25106     24784     23837     23222     22481     22159      5095
  3    09    Connecticut                 268782     29991     29514     30024     29356     29340     29441     28426     28287     27744      6659
  3    10    Delaware                     58165      6677      6600      6638      6376      6333      6217      6108      6000      5869      1347
  3    11    District of Columbia         59836      5893      5836      6260      6468      6677      6711      6681      6545      7106      1659
  3    12    Florida                    1370234    159752    157354    152513    153554    150687    147397    143495    139084    133725     32673
  3    13    Georgia                     525580     60930     60363     58518     59418     57063     56454     55232     52996     52033     12573
  3    15    Hawaii                       67676      7431      7463      7795      7734      7420      7226      7286      6802      6848      1671
  3    16    Idaho                        77951      9212      9093      8990      8633      8458      8368      8076      7860      7462      1799
  3    17    Illinois                    971944    105779    104093    104652    106867    107025    107873    104652    103293    102854     24856
  3    18    Indiana                     482740     53781     53341     53530     53173     52275     53436     50749     50693     49624     12138
  3    19    Iowa                        256794     28750     28061     28090     28252     27600     28028     27580     27147     27017      6269
  3    20    Kansas                      215686     24209     23736     24082     24048     23231     23747     23037     22328     21980      5288
  3    21    Kentucky                    340897     38072     37725     37968     37446     36848     37759     36204     35492     34736      8647
  3    22    Louisiana                   362228     40555     40449     39242     39828     39277     39716     38550     38297     37417      8897
  3    23    Maine                       107664     12164     11924     11946     11743     11773     11650     11442     11121     11197      2704
  3    24    Maryland                    375178     42690     41947     42207     41037     41283     40255     39805     38608     38105      9241
  3    25    Massachusetts               506880     55894     55142     55605     55112     55708     54904     54993     54084     52472     12966
  3    26    Michigan                    763166     85878     84559     83766     83490     82877     83572     81281     79896     78760     19087
  3    27    Minnesota                   338093     37813     37369     37294     37572     37030     36719     35844     35433     34874      8145
  3    28    Mississippi                 246225     27820     27548     26930     27373     26327     27141     25970     25966     25094      6056
  3    29    Missouri                    492127     55413     54454     54534     54241     53607     54159     52574     51386     49707     12052
  3    30    Montana                      69332      8066      7883      7758      7683      7424      7477      7263      7134      7000      1644
  3    31    Nebraska                    139754     15437     15349     15478     15375     15058     15414     14746     14883     14566      3448
  3    32    Nevada                      110437     14653     13907     13342     12949     12141     11468     10610      9856      9264      2247
  3    33    New Hampshire                83680      9564      9427      9635      9255      9145      8843      8845      8472      8416      2078
  3    34    New Jersey                  667367     71578     71462     73826     73090     74317     72500     72950     70982     69746     16916
  3    35    New Mexico                  111862     13550     13030     12495     12619     12393     11784     11548     11097     10790      2556
  3    36    New York                   1519562    154274    155578    163152    166338    170011    168500    169412    166300    165804     40193
  3    37    North Carolina              586354     68064     66894     65914     65828     64056     62719     61623     59666     57864     13726
  3    38    North Dakota                 54150      6015      5817      6118      6030      5970      5956      5788      5627      5449      1380
  3    39    Ohio                        957171    106354    105095    106263    105676    104322    105029    100934    100986     98500     24012
  3    40    Oklahoma                    298499     34074     33858     33437     32943     32148     32713     31386     30627     29928      7385
  3    41    Oregon                      255204     29587     28923     29301     28812     27779     27691     26680     25296     25027      6108
  3    42    Pennsylvania               1163384    127247    125991    130196    126513    126744    127366    124877    123479    121275     29696
  3    44    Rhode Island                 89187      9769      9668      9939      9579      9541      9580      9848      9363      9538      2362
  3    45    South Carolina              301259     34966     34384     33749     33890     33104     32220     31570     30308     29800      7268
  3    46    South Dakota                 62765      6984      6930      6811      6845      6911      6854      6779      6686      6435      1530
  3    47    Tennessee                   463719     53545     53133     52033     51760     50494     50502     48280     46818     45928     11226
  3    48    Texas                      1254005    143294    142743    140467    141016    135554    136893    131501    128271    123803     30463
  3    49    Utah                         98393     11915     11859     11248     11047     10582     10433     10036      9615      9479      2179
  3    50    Vermont                      44797      4910      4963      4999      4893      4927      4814      4913      4666      4601      1111
  3    51    Virginia                    477233     53825     53254     54137     52786     52122     51618     50553     49260     48241     11437
  3    53    Washington                  372964     43226     42385     42495     41200     40517     39665     39910     37578     37046      8942
  3    54    West Virginia               184750     19027     19674     20879     20407     19972     20470     19874     20218     19462      4767
  3    55    Wisconsin                   412353     46617     45788     45402     45424     44298     45381     43703     42814     42765     10161
  3    56    Wyoming                      32704      3882      3826      3742      3614      3637      3498      3363      3273      3107       762
 
                                                                                                                                                           
 
  

                                      -----------------------------------------Net International Migration-----------------------------------------
       FIPS                                4/90      7/98      7/97      7/96      7/95      7/94      7/93      7/92      7/91      7/90      4/90
Block  State                                 to        to        to        to        to        to        to        to        to        to        to
Number Code  Area Name                     7/99      7/99      7/98      7/97      7/96      7/95      7/94      7/93      7/92      7/91      6/90
------ ----- ------------------------ --------- --------- --------- --------- --------- --------- --------- --------- --------- --------- ---------
  4    00    United States              7478078    851541    853819    939450    864269    784716    764208    825880    773452    649430    171313
  4    00    Northeast                  1853808    183871    185175    218744    219837    202433    193600    217514    207854    176042     48738
  4    00      New England               253411     27339     26151     28952     29462     30044     26463     28816     26620     22489      7075
  4    00      Middle Atlantic          1600397    156532    159024    189792    190375    172389    167137    188698    181234    153553     41663
  4    00    Midwest                     758946     98956     95971    101898     84770     78708     76701     79225     74041     54703     13973
  4    00      East North Central        590705     74658     73236     78088     65718     60515     60951     63932     59152     43511     10944
  4    00      West North Central        168241     24298     22735     23810     19052     18193     15750     15293     14889     11192      3029
  4    00    South                      1990312    243917    237849    263113    260054    221660    191054    195912    180793    156782     39178
  4    00      South Atlantic           1142930    146011    138526    154350    156051    133705    103960    104461     97217     87728     20921
  4    00      East South Central         67212      8865      8750      9113      7814      7536      6593      7197      5254      5054      1036
  4    00      West South Central        780170     89041     90573     99650     96189     80419     80501     84254     78322     64000     17221
  4    00    West                       2875012    324797    334824    355695    299608    281915    302853    333229    310764    261903     69424
  4    00      Mountain                  318515     41137     40896     43477     39871     35316     30982     30277     26918     23553      6088
  4    00      Pacific                  2556497    283660    293928    312218    259737    246599    271871    302952    283846    238350     63336
  4    01    Alabama                      14173      1590      1643      1743      1470      1732      1488      1594      1346      1292       275
  4    02    Alaska                        8843       963      1059      1149       974       960       810      1048       816       871       193
  4    04    Arizona                     106150     11634     11768     12886     12627     11492     11707     11692     10277      9584      2483
  4    05    Arkansas                     10204      1330      1333      1521      1306      1029       983      1043       762       710       187
  4    06    California                 2280354    248490    258572    274728    228609    216954    243823    275299    258605    217159     58115
  4    08    Colorado                     65380      8639      8763      9420      8605      7896      6120      5831      5244      3788      1074
  4    09    Connecticut                  73389      8259      8062      8870      8935      8459      7385      7771      7343      6283      2022
  4    10    Delaware                      9260      1160      1194      1345      1138      1003       784       878       897       719       142
  4    11    District of Columbia         29967      2941      3041      3389      3420      2684      3017      3461      3628      3556       830
  4    12    Florida                     640109     80463     72884     85717     94015     83104     60011     54541     52015     46942     10417
  4    13    Georgia                     105839     14776     14278     14327     12343     12373      9403      9447      9289      7648      1955
  4    15    Hawaii                       54227      4721      4672      6473      6473      6238      5884      6367      5838      6178      1383
  4    16    Idaho                        18044      2866      2649      2180      2041      2068      1872      1562      1392      1094       320
  4    17    Illinois                    384026     47172     46559     48165     40612     37332     42424     43954     39905     30154      7749
  4    18    Indiana                      29053      4801      4329      4243      3458      3340      2513      2386      1877      1702       404
  4    19    Iowa                         21151      3398      2992      2703      2680      2339      1892      1675      1721      1350       401
  4    20    Kansas                       28233      4110      3971      4413      3000      2681      2510      2598      2340      2033       577
  4    21    Kentucky                     15863      2339      2172      1981      1843      1721      1428      1635      1306      1206       232
  4    22    Louisiana                    25910      2267      2432      2732      2946      2984      2409      2797      3090      3444       809
  4    23    Maine                         3895       527       457       523       491       450       317       352       379       330        69
  4    24    Maryland                    131871     17174     17678     19416     17422     12182     10689     13918     10167     10312      2913
  4    25    Massachusetts               147834     14939     14466     15915     16661     18103     16138     17603     16086     13588      4335
  4    26    Michigan                     99735     13576     13388     15538     12754     10387      8054      9216      8959      6482      1381
  4    27    Minnesota                    55173      7877      7270      7635      5838      5994      5000      5315      5378      3858      1008
  4    28    Mississippi                   6887       791       868      1056       864       743       554       629       584       630       168
  4    29    Missouri                     38351      5266      5100      5527      4327      4352      3940      3333      3424      2392       690
  4    30    Montana                       2750       231       272       318       342       381       336       293       297       255        25
  4    31    Nebraska                     15138      2003      1953      2103      2046      1754      1400      1391      1224      1018       246
  4    32    Nevada                       55570      9097      8733      9042      7035      5377      4272      4048      3719      3432       815
  4    33    New Hampshire                 6995      1133       907       857       930       731       546       616       636       544        95
  4    34    New Jersey                  377830     39749     38898     47337     48876     43105     38597     41327     38888     32097      8956
  4    35    New Mexico                   38267      4170      4215      5067      5035      4228      3961      4126      3627      3086       752
  4    36    New York                   1107814    103745    107312    128181    128213    116392    116885    135480    129776    112027     29803
  4    37    North Carolina               58122      8261      7960      7227      6661      5901      5798      6261      5209      3871       973
  4    38    North Dakota                  5305       854       773       744       472       646       511       519       417       309        60
  4    39    Ohio                         52922      6476      6218      6826      6730      6281      4794      5545      5673      3412       967
  4    40    Oklahoma                     28636      3510      3629      3854      3571      3132      2617      2723      2732      2283       585
  4    41    Oregon                       66243      8126      8376      9044      7123      7278      7014      6737      6194      5022      1329
  4    42    Pennsylvania                114753     13038     12814     14274     13286     12892     11655     11891     12570      9429      2904
  4    44    Rhode Island                 16339      1553      1499      2136      1927      1889      1738      2002      1763      1388       444
  4    45    South Carolina               18564      2458      2756      2702      2212      1989      1543      1641      1496      1413       354
  4    46    South Dakota                  4890       790       676       685       689       427       497       462       385       232        47
  4    47    Tennessee                    30289      4145      4067      4333      3637      3340      3123      3339      2018      1926       361
  4    48    Texas                       715420     81934     83179     91543     88366     73274     74492     77691     71738     57563     15640
  4    49    Utah                         30340      4330      4297      4308      3903      3623      2497      2555      2127      2129       571
  4    50    Vermont                       4959       928       760       651       518       412       339       472       413       356       110
  4    51    Virginia                    145733     18540     18463     19898     18437     14004     12306     13934     13947     12981      3223
  4    53    Washington                  146830     21360     21249     20824     16558     15169     14340     13501     12393      9120      2316
  4    54    West Virginia                 3465       238       272       329       403       465       409       380       569       286       114
  4    55    Wisconsin                    24969      2633      2742      3316      2164      3175      3166      2831      2738      1761       443
  4    56    Wyoming                       2014       170       199       256       283       251       217       170       235       185        48
 
                                                                                                                                                           
 
  

                                      --------------------------------------------Net Federal Movement---------------------------------------------
       FIPS                                          7/98      7/97      7/96      7/95      7/94      7/93      7/92      7/91      7/90      4/90
Block  State                            4/1/90-        to        to        to        to        to        to        to        to        to        to
Number Code  Area Name                   7/1/99      7/99      7/98      7/97      7/96      7/95      7/94      7/93      7/92      7/91      6/90
------ ----- ------------------------ --------- --------- --------- --------- --------- --------- --------- --------- --------- --------- ---------
  5    00    United States               535981     -2630     24832     45087     -3022     49250     91923    125931    177581     44907    -17878
  5    00    Northeast                    29890      -116      1163      2134      -132      2574      4981      7209     10388      2883     -1194
  5    00      New England                11119       -43       412       806       -54       879      1745      2711      4019      1139      -495
  5    00      Middle Atlantic            18771       -73       751      1328       -78      1695      3236      4498      6369      1744      -699
  5    00    Midwest                      41679      -180      1823      3295      -214      3788      7029      9547     14289      3669     -1367
  5    00      East North Central         18242       -75       823      1433       -93      1608      2978      4114      6408      1682      -636
  5    00      West North Central         23437      -105      1000      1862      -121      2180      4051      5433      7881      1987      -731
  5    00    South                       290405     -1481     14092     25680     -1648     27185     50277     67540     94650     23395     -9285
  5    00      South Atlantic            195618      -985      9396     17162     -1100     17881     33476     45639     64568     15785     -6204
  5    00      East South Central         29186      -142      1354      2449      -160      2838      5196      6961      9289      2346      -945
  5    00      West South Central         65601      -354      3342      6069      -388      6466     11605     14940     20793      5264     -2136
  5    00    West                        174007      -853      7754     13978     -1028     15703     29636     41635     58254     14960     -6032
  5    00      Mountain                   37812      -188      1835      3295      -218      3640      6733      8763     12108      3017     -1173
  5    00      Pacific                   136195      -665      5919     10683      -810     12063     22903     32872     46146     11943     -4859
  5    01    Alabama                       6950       -29       301       572       -38       645      1231      1703      2250       525      -210
  5    02    Alaska                        8550       -39       378       652       -43       730      1525      2136      2813       663      -265
  5    04    Arizona                       8217       -48       449       821       -51       834      1483      1813      2530       659      -273
  5    05    Arkansas                      2148        -9        93       170       -11       168       317       456       807       244       -87
  5    06    California                   87616      -424      3530      6340      -523      7435     14406     21411     30625      8155     -3339
  5    08    Colorado                     14017       -65       646      1125       -76      1301      2425      3360      4615      1124      -438
  5    09    Connecticut                   3670       -16       159       331       -21       331       607       830      1229       374      -154
  5    10    Delaware                      1668        -9        78       143       -10       169       313       378       525       129       -48
  5    11    District of Columbia          2699       -13       128       227       -12       251       444       592       942       217       -77
  5    12    Florida                      33454      -154      1570      2948      -182      2737      5344      7681     11765      2883     -1138
  5    13    Georgia                      25254      -140      1356      2408      -150      2459      4482      5695      7952      1938      -746
  5    15    Hawaii                       19207       -90       915      1603      -113      1849      3440      4505      6174      1527      -603
  5    16    Idaho                         1677        -8        87       156        -8       142       280       425       532       124       -53
  5    17    Illinois                     10298       -55       593       977       -68      1046      1706      2075      3460       913      -349
  5    18    Indiana                       1424        -2        21        42        -2        64       217       444       543       150       -53
  5    19    Iowa                           135         0         6        10         0        10        24        34        45         8        -2
  5    20    Kansas                        8309       -36       343       593       -38       799      1529      1939      2717       721      -258
  5    21    Kentucky                      9856       -56       508       902       -55       969      1718      2245      3156       789      -320
  5    22    Louisiana                     8941       -40       375       683       -43       773      1470      1963      3213       873      -326
  5    23    Maine                         2113        -9        80       145       -10       146       284       564       768       233       -88
  5    24    Maryland                     15141       -80       763      1409       -94      1472      2668      3455      4822      1201      -475
  5    25    Massachusetts                 3207        -9        96       175       -14       245       516       786      1226       328      -142
  5    26    Michigan                      2219        -4        42        80        -4       127       333       551       927       270      -103
  5    27    Minnesota                      953        -4        40        84        -4        97       168       214       309        70       -21
  5    28    Mississippi                   5874       -31       320       574       -34       592      1086      1442      1648       458      -181
  5    29    Missouri                      5267       -26       233       473       -28       477       853      1204      1831       403      -153
  5    30    Montana                       1598        -7        73       128        -9       162       303       402       470       125       -49
  5    31    Nebraska                      3823       -18       178       325       -22       336       632       858      1313       356      -135
  5    32    Nevada                        3210       -16       161       283       -19       317       586       688      1037       277      -104
  5    33    New Hampshire                  315        -1        12        27        -1        21        52        90       128        29       -42
  5    34    New Jersey                    4796       -20       214       378       -22       453       778      1053      1709       466      -213
  5    35    New Mexico                    5637       -26       255       484       -35       556      1038      1295      1795       431      -156
  5    36    New York                     10845       -46       450       773       -48       954      1941      2765      3494       899      -337
  5    37    North Carolina               38344      -208      2011      3615      -221      3693      6593      8900     12126      2966     -1131
  5    38    North Dakota                  2984       -14       137       267       -20       300       527       697       943       238       -91
  5    39    Ohio                          3937       -13       153       306       -18       341       667       944      1355       323      -121
  5    40    Oklahoma                     10425       -56       519       965       -65      1053      1827      2457      3285       745      -305
  5    41    Oregon                         658        -1        33        56        -1        61       115       150       207        60       -22
  5    42    Pennsylvania                  3130        -7        87       177        -8       288       517       680      1166       379      -149
  5    44    Rhode Island                  1789        -8        64       126        -8       134       281       434       660       174       -68
  5    45    South Carolina               17354       -82       681      1219       -80      1346      2774      4123      6423      1579      -629
  5    46    South Dakota                  1966        -7        63       110        -9       161       318       487       723       191       -71
  5    47    Tennessee                     6506       -26       225       401       -33       632      1161      1571      2235       574      -234
  5    48    Texas                        44087      -249      2355      4251      -269      4472      7991     10064     13488      3402     -1418
  5    49    Utah                          2083       -11        94       173       -12       189       362       464       713       173       -62
  5    50    Vermont                         25         0         1         2         0         2         5         7         8         1        -1
  5    51    Virginia                     61531      -299      2802      5176      -351      5741     10829     14773     19956      4863     -1959
  5    53    Washington                   20164      -111      1063      2032      -130      1988      3417      4670      6327      1538      -630
  5    54    West Virginia                  173         0         7        17         0        13        29        42        57         9        -1
  5    55    Wisconsin                      364        -1        14        28        -1        30        55       100       123        26       -10
  5    56    Wyoming                       1373        -7        70       125        -8       139       256       316       416       104       -38
 
                                                                                                                                                           
 
  

                                      -------------------------------------------Net Domestic Migration--------------------------------------------
       FIPS                                          7/98      7/97      7/96      7/95      7/94      7/93      7/92      7/91      7/90      4/90
Block  State                            4/1/90-        to        to        to        to        to        to        to        to        to        to
Number Code  Area Name                   7/1/99      7/99      7/98      7/97      7/96      7/95      7/94      7/93      7/92      7/91      6/90
------ ----- ------------------------ --------- --------- --------- --------- --------- --------- --------- --------- --------- --------- ---------
  6    00    United States                    0         0         0         0         0         0         0         0         0         0         0
  6    00    Northeast                 -3024628   -244668   -291524   -347871   -343908   -333627   -316568   -298745   -370095   -391089    -86533
  6    00      New England              -506239     -7621    -23530    -28445    -31704    -42067    -57763    -66148   -111912   -119769    -17280
  6    00      Middle Atlantic         -2518389   -237047   -267994   -319426   -312204   -291560   -258805   -232597   -258183   -271320    -69253
  6    00    Midwest                    -640630   -110980   -137411   -113074    -47742    -22686    -59629    -35261    -29074    -57444    -27329
  6    00      East North Central       -752770   -110754   -130162   -114323    -66351    -52203    -91590    -67924    -50031    -47132    -22300
  6    00      West North Central        112140      -226     -7249      1249     18609     29517     31961     32663     20957    -10312     -5029
  6    00    South                      3597871    310928    366097    397971    411341    431136    479938    410530    341831    361220     86879
  6    00      South Atlantic           2403156    248237    251554    277422    272797    248545    293785    234224    202226    281530     92836
  6    00      East South Central        610896     31624     47057     62622     72022     85450     93682     92914     78161     39740      7624
  6    00      West South Central        583819     31067     67486     57927     66522     97141     92471     83392     61444     39950    -13581
  6    00    West                         67387     44720     62838     62974    -19691    -74823   -103741    -76524     57338     87313     26983
  6    00      Mountain                 1708982    128210    131265    170520    192383    253483    280003    230774    173684    134015     14645
  6    00      Pacific                 -1641595    -83490    -68427   -107546   -212074   -328306   -383744   -307298   -116346    -46702     12338
  6    01    Alabama                     112163      -611      9556     10011      9267      9471     14087     24980     18939     13822      2641
  6    02    Alaska                      -23889     -4076     -2292     -5470     -4780     -8943     -6949     -1956      4807      5236       534
  6    04    Arizona                     577038     59196     62265     66919     74932    103905     88581     61979     37949     19577      1735
  6    05    Arkansas                    110878      2422      5211      8510     15399     20028     19185     20650     13025      5280      1168
  6    06    California                -2170790    -80952    -92389   -150831   -255692   -384082   -433991   -388524   -214679   -151242    -18408
  6    08    Colorado                    402832     44614     36526     37474     37137     46808     56612     62796     52158     28457       250
  6    09    Connecticut                -226370    -11447    -17035    -21276    -21226    -26279    -27364    -28490    -40282    -26929     -6042
  6    10    Delaware                     35058      4512      4170      2970      3560      4390      3189      3097      2979      4898      1293
  6    11    District of Columbia       -146899     -7227    -12367    -15222    -18493    -19250    -17953    -14880    -17693    -18384     -5430
  6    12    Florida                    1108514     86511    112837    128826    115954    100581    141421    104433    101294    161441     55216
  6    13    Georgia                     665418     73084     74028     79062     80808     74989     87739     67681     66632     49190     12205
  6    15    Hawaii                      -99371    -20112    -14134    -12888    -12610    -12448     -9018    -11010     -6002     -2033       884
  6    16    Idaho                       136339      7457      7529     10648     10794     18131     23130     23366     16656     16265      2363
  6    17    Illinois                   -560003    -65930    -68981    -68828    -63769    -54771    -62039    -59286    -50857    -50440    -15102
  6    18    Indiana                      82674      -659       104      3284     11463     13814     12501     18339     11460     10965      1403
  6    19    Iowa                        -15542     -3008     -4964     -5561     -2600       211     -2063      1524      2832      -692     -1221
  6    20    Kansas                      -16224     -2915      2772     -1195     -8005     -3582       687     -1256      6569     -7502     -1797
  6    21    Kentucky                     97187      8090      7872      9004      8890     12930     13055     15332     19500      1605       909
  6    22    Louisiana                  -139704    -19050    -17720    -17005    -15705     -8263     -8822    -19923     -7665    -14421    -11130
  6    23    Maine                        -7347      3611       336      1410      1715     -2741     -3854     -2151     -5595     -1550      1472
  6    24    Maryland                    -55060     -4472     -9414    -13525    -12305     -5582     -2362    -11261     -6956      7336      3481
  6    25    Massachusetts              -244494     -8656    -10077     -9775    -16652    -11736    -22961    -29591    -52925    -69784    -12337
  6    26    Michigan                   -199465    -16966    -25352    -18866     -7119    -10248    -32580    -36773    -26266    -19470     -5825
  6    27    Minnesota                    86847     13743      5044      4978     11999      7969     12989     16045      8007      5432       641
  6    28    Mississippi                  44639      1227      3425      6195      5961     11409     13063      7912      1184     -3727     -2010
  6    29    Missouri                    101020      5414      5365     14256     16703     20664     18354     15815      4020      -698      1127
  6    30    Montana                      47875       249     -2197     -1523      4671      9824     11108     13174      9724      3441      -596
  6    31    Nebraska                     -3693     -4627     -5229     -1751      3326      4227       346      -157       691       107      -626
  6    32    Nevada                      433219     40912     44749     56220     51012     51342     61421     34974     29260     50326     13003
  6    33    New Hampshire                29607      9185      6881      6859      9295      6454      4356      2211     -2198    -13313      -123
  6    34    New Jersey                 -378495    -31294    -36293    -42614    -43086    -36275    -33337    -39945    -45642    -56740    -13269
  6    35    New Mexico                   42339    -12554     -8075     -3256      4777     10075     18342     13329     12152      7449       100
  6    36    New York                  -1888936   -167818   -189041   -226330   -229863   -221316   -206678   -187166   -198892   -208925    -52907
  6    37    North Carolina              554268     52806     63957     70304     80010     78462     65893     63000     25722     41042     13072
  6    38    North Dakota                -37387     -7051     -6351     -5131     -1259     -1424      -916     -2197     -3245     -7348     -2465
  6    39    Ohio                       -166200    -32671    -35355    -28850    -17836    -13837    -20938     -9589      -199     -2993     -3932
  6    40    Oklahoma                     42688       224      6257      6212      9112      2839       622      5060     15201       354     -3193
  6    41    Oregon                      270903     10592     15468     24803     32585     33004     32995     40260     32900     38811      9485
  6    42    Pennsylvania               -250958    -37935    -42660    -50482    -39255    -33969    -18790     -5486    -13649     -5655     -3077
  6    44    Rhode Island                -63250     -1029     -3361     -5645     -6223     -9343    -10138     -9139    -10479     -7144      -749
  6    45    South Carolina              143213     24995     26769     24485     15780      8519      4445      1818      4011     26095      6296
  6    46    South Dakota                 -2881     -1782     -3886     -4347     -1555      1452      2564      2889      2083       389      -688
  6    47    Tennessee                   356907     22918     26204     37412     47904     51640     53477     44690     38538     28040      6084
  6    48    Texas                       569957     47471     73738     60210     57716     82537     81486     77605     40883     48737      -426
  6    49    Utah                         73016     -8657     -7013      7186     10259     12835     18206     19099     14068      8003      -970
  6    50    Vermont                       5615       715      -274       -18      1387      1578      2198      1012      -433     -1049       499
  6    51    Virginia                     96562     24326     -3911      4090      9243      5452      9862     11405     20894      6551      8650
  6    53    Washington                  381552     11058     24920     36840     28423     44163     33219     53932     66628     62526     19843
  6    54    West Virginia                 2082     -6298     -4515     -3568     -1760       984      1551      8931      5343      3361     -1947
  6    55    Wisconsin                    90224      5472      -578     -1063     10910     12839     11466     19385     15831     14806      1156
  6    56    Wyoming                      -3676     -3007     -2519     -3148     -1199       563      2603      2057      1717       497     -1240
 
                                                                                                                                                           
 
  

                                      --------------------------------------------------Residual---------------------------------------------------
       FIPS                                4/90      7/98      7/97      7/96      7/95      7/94      7/93      7/92      7/91      7/90      4/90
Block  State                                 to        to        to        to        to        to        to        to        to        to        to
Number Code  Area Name                     7/99      7/99      7/98      7/97      7/96      7/95      7/94      7/93      7/92      7/91      6/90
------ ----- ------------------------ --------- --------- --------- --------- --------- --------- --------- --------- --------- --------- ---------
  7    00    United States                    0         0         0         0         0         0         0         0         0         0         0
  7    00    Northeast                  -137733     -5148     -7115     -4199    -17897    -19983    -22400    -18832    -20541    -20254     -1364
  7    00      New England               -43058     -2983     -2372     -1717     -5054     -5709     -5098     -5285     -7385     -6718      -737
  7    00      Middle Atlantic           -94675     -2165     -4743     -2482    -12843    -14274    -17302    -13547    -13156    -13536      -627
  7    00    Midwest                     272723     -3506      8622      3432     38890     35722     47617     48395     49062     45025      -536
  7    00      East North Central        269350     -2887      9343      3332     35395     37031     46946     46969     48339     46152     -1270
  7    00      West North Central          3373      -619      -721       100      3495     -1309       671      1426       723     -1127       734
  7    00    South                      -137581      5473     -2652      3083    -12948    -16145    -26820    -30457    -28319    -28762       -34
  7    00      South Atlantic            -58389      3496       618      4287     -4792     -4986    -14346    -16803    -13463    -14651      2251
  7    00      East South Central         -7397      -455       781        20      -846     -2619      -213      -444     -1425     -2219        23
  7    00      West South Central        -71795      2432     -4051     -1224     -7310     -8540    -12261    -13210    -13431    -11892     -2308
  7    00    West                          2591      3181      1145     -2316     -8045       406      1603       894      -202      3991      1934
  7    00      Mountain                   80639      4642      6730       694      -249      5290     16484     14980     16123     16519      -574
  7    00      Pacific                   -78048     -1461     -5585     -3010     -7796     -4884    -14881    -14086    -16325    -12528      2508
  7    01    Alabama                      14384      -341       801      -224       365     -1094      4131      4066      3579      3215      -114
  7    02    Alaska                        -732       148        -3        82       -35        57      -289      -256      -260      -245        69
  7    04    Arizona                      68111      1124       601       296       258      6326     16203     14602     14909     13829       -37
  7    05    Arkansas                     -8424         0     -1819      -267      -761      -514     -1250     -1242     -1318     -1178       -75
  7    06    California                  -51700     -1224     -4268     -2478     -4732     -1785    -10502     -9443    -11170     -7793      1695
  7    08    Colorado                     -8778      1122        97       -94     -1094     -1079     -2235     -2123     -1797     -1210      -365
  7    09    Connecticut                 -10914      -836      -584      -323     -1217     -1253     -1360     -1420     -1953     -1966        -2
  7    10    Delaware                      1781      -105      -135       -82       318       274       456       389       363       279        24
  7    11    District of Columbia          -998        98       131       143       -24        24      -478      -414      -408      -580       510
  7    12    Florida                     -20318       162       -27      -770     -2568      -975     -3738     -6272     -3420     -3688       978
  7    13    Georgia                     -14264      2543       531       280     -1785     -1902     -3874     -3760     -3379     -3152       234
  7    15    Hawaii                       -2507       389       -85       -32      -336      -355      -468      -451      -627      -155      -387
  7    16    Idaho                          559       260       150       252        47       123      -200       -99       -75       173       -72
  7    17    Illinois                     99898       456      3352        35     14700     15070     15890     16835     17043     16617      -100
  7    18    Indiana                     -11034      -341      -292      -173     -1694     -1725     -1202     -1481     -1738     -2280      -108
  7    19    Iowa                         -5559      -623      -424      -316      -926      -501      -281      -479      -799     -1264        54
  7    20    Kansas                       23606       -28       982      1314      3879      3643      3606      3578      3406      3101       125
  7    21    Kentucky                     -2834      -224      -426      -313       147       -50      -216      -382      -554     -1009       193
  7    22    Louisiana                   -11996       -85      -328       -54     -1107     -1720     -1870     -2139     -2300     -2289      -104
  7    23    Maine                        -3676      -272      -202      -153      -332      -473      -426      -415      -650      -743       -10
  7    24    Maryland                    -13186      -152      -381      -130     -1607     -1884     -2036     -2288     -2257     -2280      -171
  7    25    Massachusetts               -19726     -1337     -1068      -900     -2456     -2814     -2205     -2377     -3418     -2373      -778
  7    26    Michigan                    141593     -1036      -950      -624     24059     21597     25166     24861     24555     24698      -733
  7    27    Minnesota                    -8301       -38      -414      -219     -1397     -1411     -1751      -765     -1093     -1466       253
  7    28    Mississippi                  -7380       232      -207      -147      -910      -943     -1278     -1352     -1355     -1301      -119
  7    29    Missouri                      1888       159      -532      -414      3168     -1548       379       293       292       -56       147
  7    30    Montana                      -2535        25       -78       -36      -275      -323      -511      -472      -472      -305       -88
  7    31    Nebraska                     -5413      -257      -300      -239      -717      -874      -620      -750      -715      -933        -8
  7    32    Nevada                       -1606      1414       472       437       -79       -77     -1785     -1379      -702      -158       251
  7    33    New Hampshire                -3382      -102      -218      -131      -445      -502      -449      -425      -503      -597       -10
  7    34    New Jersey                  -20124      -474     -1372      -749     -2653     -3105     -6361     -1724     -1666     -1573      -447
  7    35    New Mexico                   -4540       414      -161      -112      -627      -563      -845      -921      -901      -643      -181
  7    36    New York                    -43618       311     -1287      -229     -6255     -6704     -7508     -8467     -6987     -6778       286
  7    37    North Carolina              -13425       446       356       439      -834     -1214     -3262     -3108     -3117     -2777      -354
  7    38    North Dakota                  -719       141        25       -16      -269      -284      -287       -95         4       -12        74
  7    39    Ohio                         21338     -1280      8009       954     -3687       295      5374      5179      3917      2867      -290
  7    40    Oklahoma                     -8155      -462      -467      -231      -835      -883     -1070     -1119     -1440     -1740        92
  7    41    Oregon                       -8194      -385      -494      -256      -694      -835     -1389     -1530     -1421     -1479       289
  7    42    Pennsylvania                -30933     -2002     -2084     -1504     -3935     -4465     -3433     -3356     -4503     -5185      -466
  7    44    Rhode Island                 -3439      -260      -185      -124      -354      -359      -476      -439      -601      -643         2
  7    45    South Carolina               23487      -141       368      4731      4144      3380      2722      2884      2824      2561        14
  7    46    South Dakota                 -2129        27       -58       -10      -243      -334      -375      -356      -372      -497        89
  7    47    Tennessee                   -11567      -122       613       704      -448      -532     -2850     -2776     -3095     -3124        63
  7    48    Texas                       -43220      2979     -1437      -672     -4607     -5423     -8071     -8710     -8373     -6685     -2221
  7    49    Utah                         30521       266      5681       -60      1676      1084      6026      5561      5338      5001       -52
  7    50    Vermont                      -1921      -176      -115       -86      -250      -308      -182      -209      -260      -396        61
  7    51    Virginia                    -15559       756        59      -144     -1634     -1845     -3358     -3424     -3097     -3865       993
  7    53    Washington                  -14915      -389      -735      -326     -1999     -1966     -2233     -2406     -2847     -2856       842
  7    54    West Virginia                -5907      -111      -284      -180      -802      -844      -778      -810      -972     -1149        23
  7    55    Wisconsin                    17555      -686      -776      3140      2017      1794      1718      1575      4562      4250       -39
  7    56    Wyoming                      -1093        17       -32        11      -155      -201      -169      -189      -177      -168       -30

Documentation Notes for the December, 1999 release of July 1, 1999 
state population estimates.

These population estimates incorporate revisions of estimates
from previous years and the results of special censuses and test
censuses conducted by the Census Bureau.

4/1/90 Census Population - The revised April 1, 1990 Census 
population of an area.

Births - Total number of live births occurring to
residents of an area during the period, as reported from the
Census Bureau's Federal-State Cooperative Program for Population
Estimates (FSCPE) and the National Center for Health Statistics.

Census Regions and Divisions - The Census Bureau delineates
two sets of sub-national areas that are formed of states.
This two-tiered system of areas consists of 9 census divisions
nested in 4 census regions.  The Northeast region includes the New
England division: Connecticut, Maine, Massachusetts, New
Hampshire, Rhode Island, and Vermont; and the Middle Atlantic
division: New Jersey, New York, and Pennsylvania.  The Midwest
region includes the East North Central division: Illinois,
Indiana, Michigan, Ohio, and Wisconsin; and the West North
Central division: Iowa, Kansas, Minnesota, Missouri, Nebraska,
North Dakota, and South Dakota.  The South region includes the
South Atlantic division: Delaware, District of Columbia, Florida,
Georgia, Maryland, North Carolina, South Carolina, Virginia, West
Virginia; the East South Central division: Alabama, Kentucky,
Mississippi, and Tennessee; and the West South Central division:
Arkansas, Louisiana, Oklahoma, and Texas.  The West region
includes the Mountain division: Arizona, Colorado, Idaho,
Montana, Nevada, New Mexico, Utah, and Wyoming; and the Pacific
division: Alaska, California, Hawaii, Oregon, and Washington.

Deaths - Total number of deaths occurring within the
resident population of an area during the period, as reported by
the Census Bureau's Federal-State Cooperative Program for
Population Estimates (FSCPE) and the National Center for Health
Statistics.

Demographic Components of Change - The demographic components of
population change consist of births, deaths, net domestic
migration, and net international migration.

FIPS State Code - Two digit Federal Information Processing Standards 
(FIPS) codes uniquely identify each state and state equivalent. They 
are issued by the National Institute of Standards and Technology (NIST) 
of the U.S. Department of Commerce.

Natural Increase - births minus deaths in an area.  The rate of 
natural increase expresses natural increase during a time period
as a percentage of an area's initial population.

Net Domestic Migration - the difference between
domestic in-migration to an area and domestic
out-migration from it during the period.  Domestic in-migration and
out-migration consist of moves where both the origins and
destinations are within the United States (excluding Puerto
Rico). The net domestic migration rate expresses net domestic 
migration during a time period as a percentage of an area's 
initial population.

Net Federal Movement - Net Federal movement is the difference
between the movement of federal employees (both military and
civilian) and their dependents into and out of the United States
(excluding Puerto Rico) during the period.

Net International Migration - the difference
between migration to an area from outside the
United States (immigration) and migration from the area to
outside the United States (emigration) during the period.  For
the purposes of these population estimates, the geographic extent
of the United States is defined as excluding Puerto Rico.
Net international migration includes: (1) legal
immigration to the United States as reported by the Immigration
and Naturalization Service, (2) an estimate of net undocumented
immigration from abroad, (3) an estimate of emigration from the
United States, and (4) net movement between Puerto Rico and the
(balance of) the United States.  The net international migration
rate expresses net international migration during a time period
as a percentage of an area's initial population.

Numeric Population Change - the difference between the population
of an area at the beginning and end of a time period.

Percent Change- the difference between the population of an area
at the beginning and end of a time period, expressed as a percentage
of the beginning population.

Population (Estimate) -  The estimated population is the computed
number of persons living in the area (resident population) as of
July 1.  The estimated population is calculated from a
demographic components of change model that incorporates
information on natural change (births and deaths) and net
migration (net domestic migration and net movement from abroad)
that has occurred in the area since the reference date of the
1990 census.  Additional information on the methodology used to
produce these population estimates is contained in Current
Population Reports P25-1127 and at our Internet site at:
http://www.census.gov/population/www/methodep.html

Resident Population - These population estimates are for the
resident population.  The resident population of a state includes
all residents (both civilian and Armed Forces) living in the
state.  The geographic universe for the resident population is
the 50 states and the District of Columbia.  It excludes Puerto
Rico and outlying areas under United States jurisdiction.  The
resident population excludes U.S. citizens residing abroad.

Residual - The subnational estimates are constrained to sum to an
independently derived estimate of the national population.  The
residual is the difference between an area's population as
estimated by the subnational population estimation procedure
before and after imposing this constraint.  The residual is not a
demographic component of population change; rather, it is a
statistical artifact of the procedures employed to produce the
estimates.  
